,Perimeter,Eccentricity,Extent,Solidity,roundness,Compactness,ShapeFactor2,ShapeFactor4,y,y_pred
131,759.454,0.73124829282548,0.7117104906478721,0.9903109455668452,0.9152482804202392,0.8249873253614395,0.0019068241710891,0.9977902543749524,DERMASON,SIRA
157,730.374,0.7373268698198924,0.7615420670260136,0.9884661208142158,0.9185801196481068,0.820494790076207,0.0019469886132514,0.996559107447448,DERMASON,SIRA
216,1082.9679999999998,0.8199177599099804,0.7675648073052777,0.9875682778522108,0.8213755396004842,0.7556181636527037,0.0010845770595921,0.9973404978202924,CALI,BARBUNYA
265,915.307,0.8347540609455142,0.6540347485796459,0.9883155513599202,0.8322763255699098,0.7399593904563064,0.0011971893855448,0.994400755089422,HOROZ,SIRA
330,787.181,0.8197842186624185,0.8104983388704319,0.9872126901910004,0.8657995010911342,0.7531251794097181,0.0014389907044454,0.9904395602083358,HOROZ,SIRA
360,759.156,0.7001580311602082,0.7166261714682401,0.9904533461261692,0.9003548845693183,0.8424126991342614,0.0020477483185505,0.9939372203136952,DERMASON,SIRA
465,893.4559999999999,0.8383829636497789,0.7953857566765579,0.99119903855043,0.8439199057367944,0.7365149794053735,0.0012010489865726,0.9951799219232924,CALI,HOROZ
647,1082.182,0.757935619156183,0.8211560089974294,0.9902277763650236,0.8774542744000701,0.8049023804553733,0.0012692782450705,0.9931606321589258,CALI,BARBUNYA
1022,757.6039999999999,0.7489936877528587,0.7186373092926491,0.9893548464090508,0.9075286794126828,0.8127096052245655,0.001835158137105,0.9968603965218368,DERMASON,SIRA
1118,905.5739999999998,0.805638828187442,0.6749211801797562,0.9850789835164836,0.8791326184435103,0.7657453312281414,0.0013047932004868,0.9898024356953584,HOROZ,SIRA
1145,855.523,0.7203635729518909,0.7860665469268471,0.9904869675291048,0.886661696869877,0.8325613827120805,0.0017675751165043,0.9993682190807434,CALI,SEKER
1156,744.37,0.765705170237917,0.6934859836094404,0.9892626878402448,0.8943179744404819,0.8007398755355155,0.001799613661001,0.99687904173765,DERMASON,SIRA
1157,972.177,0.792361857804675,0.7339851024208566,0.9818464891795112,0.8384954168822927,0.7782673325734835,0.0013065633441168,0.9928672580088804,CALI,BARBUNYA
1297,680.4229999999999,0.778937553866553,0.7526633120268371,0.9887740821248846,0.9012981024646556,0.7905693554660703,0.0018873240238528,0.996648722863268,SIRA,DERMASON
1472,713.286,0.7491614142422414,0.8055194805194805,0.9887613582018172,0.91917983315605,0.8118444617255753,0.0019306089154244,0.9950239831227228,SIRA,DERMASON
1530,636.257,0.5844260758929368,0.7201433477676572,0.9726524685382382,0.7485382090793384,0.8987245038096706,0.0032537182447267,0.9953894436778404,DERMASON,HOROZ
1616,724.1549999999999,0.7337833578571182,0.7457990346291734,0.9868811618785116,0.8923217553533375,0.8222409898472911,0.0020051406854087,0.995137817461634,DERMASON,SIRA
1660,754.588,0.7321081656597708,0.7845934650455927,0.9901704586320156,0.911487342712669,0.8247606399619629,0.0019214908437225,0.998593216029184,SEKER,SIRA
1747,750.263,0.6943074273743568,0.7553304210428479,0.9881325843243112,0.907113632179944,0.8474528646328405,0.0021015611635186,0.9979127083516008,DERMASON,SIRA
1780,748.95,0.787506468483701,0.6878918495297806,0.9868155453918288,0.86522234806708,0.7832439866706495,0.0017018225445738,0.9953996194890942,DERMASON,SIRA
1833,791.457,0.7755122258398601,0.707135991515031,0.984313725490196,0.8560080676280591,0.7931304240686567,0.001681153345326,0.9963938505379702,HOROZ,SIRA
1964,1011.261,0.7960540828058548,0.6991879946551547,0.9766827475304388,0.8358830384499509,0.7733071079863808,0.0012341266915417,0.9880679024330704,BARBUNYA,CALI
2055,906.221,0.6374532428063137,0.7791192698045092,0.9860772861484084,0.7001018027449943,0.8766481158767191,0.0021923048537172,0.997433938148966,SEKER,HOROZ
2145,773.977,0.7615306467239756,0.7452111190500493,0.9911754723384998,0.9189194384077816,0.8043626418125359,0.0017307273438671,0.9982570707275948,SEKER,SIRA
2191,762.3889999999999,0.6920147966813812,0.7352412842916688,0.9890671921921922,0.9114579146140542,0.84857772794076,0.0020714273641961,0.9975076926032144,SEKER,SIRA
2602,720.9789999999999,0.7402208780748009,0.786434539243528,0.9890269151138716,0.9238678664392688,0.8186664590305499,0.0019535889976213,0.9968038014751928,SIRA,DERMASON
2631,835.917,0.8035437968488544,0.7181834288076537,0.989121372943736,0.8748081667608408,0.7701262108558549,0.0014414709552758,0.9963859376796506,SEKER,SIRA
2769,755.1429999999999,0.7666193254013103,0.7723640357521587,0.9898556000485378,0.8988210296792909,0.8004067656355113,0.0017672833809323,0.997740423445067,DERMASON,SIRA
2948,754.002,0.7053160110228045,0.7433751743375174,0.9904938889285968,0.918938992741964,0.8411979183325183,0.0020319755786388,0.99819565187724,DERMASON,SIRA
3125,743.4789999999999,0.7707015775911035,0.8143112628541235,0.991831480977252,0.910921506390369,0.7973076132096616,0.0017624154981442,0.997650906688478,DERMASON,SIRA
3133,733.169,0.7711170867244396,0.7308555749563482,0.9864553388755084,0.8904563784835005,0.7962060047417174,0.0018001375096934,0.9956818128939784,SIRA,DERMASON
3333,937.773,0.8230136749171919,0.6532005358494962,0.9852062688874832,0.8012645931218753,0.7513234185133013,0.0012466221265808,0.993777209294592,SIRA,HOROZ
3433,760.636,0.7537655347425412,0.70462197734925,0.9883834649237888,0.8999822332286469,0.808538852606285,0.0018073763343447,0.99481334337833,DERMASON,SIRA
3448,723.178,0.8069269864062711,0.7192263797179425,0.9844347122653352,0.8479757191770101,0.7673631746593818,0.0016741936915597,0.9969441237888694,SIRA,DERMASON
3541,697.3820000000001,0.722221617097602,0.8014679231605655,0.9874958133303562,0.9141684425934536,0.830435872039549,0.0021192110543095,0.9970534973848793,SIRA,DERMASON
3547,701.8719999999998,0.7045729829128514,0.786503702703311,0.9871736919425924,0.8913367004009309,0.8406205472456415,0.0022118768645077,0.9957884792417172,SIRA,DERMASON
3853,708.141,0.739689928070266,0.7936483138795277,0.9872296715804668,0.8911367401280563,0.8191356151897433,0.0020286880293227,0.9970804646558004,SIRA,DERMASON
3912,761.973,0.7369634795107802,0.7730192321972228,0.9878069030957182,0.9012636370851124,0.8192863792146561,0.0018757780559757,0.9930431048950158,DERMASON,SIRA
4010,764.163,0.7913757710575074,0.6750329380764163,0.9877102510964384,0.8820527941068325,0.7794625163401968,0.0016281415659932,0.9938360591740408,DERMASON,SIRA
4075,763.489,0.7650458030793523,0.7688230994152047,0.9885797537362534,0.9069363471418402,0.8007737944962979,0.0017425214104301,0.9957495324488224,DERMASON,SIRA
4157,725.482,0.7436726464716311,0.8038584514344971,0.9888909559624738,0.8883918776915429,0.815280703447081,0.0019553851504466,0.994224297355568,SIRA,DERMASON
4162,865.7629999999999,0.7991622668186164,0.7338056971686973,0.9854943524678942,0.854260063775932,0.7714818237073227,0.0014158680313276,0.9901330889466826,CALI,SIRA
4335,921.455,0.8105315186067042,0.6826503923278117,0.9884976855098891,0.8343645823777067,0.7639694059155946,0.0013071204040844,0.9965071111855016,CALI,BARBUNYA
4393,974.117,0.8285058915840037,0.8134186034684433,0.9877261779781388,0.8472498296622626,0.7456029894040885,0.0011406326744216,0.992755945885312,HOROZ,CALI
4411,734.17,0.7731082420959033,0.7809352517985612,0.989968080255358,0.9110640798179817,0.7947105841534134,0.0017672404728254,0.9957286653976064,DERMASON,SIRA
4477,735.508,0.7436299537384897,0.7824667423750811,0.9901206055940468,0.8963003518930353,0.8165417673910786,0.001929126839042,0.997231544134024,DERMASON,SIRA
4667,693.307,0.8075793491429079,0.7726142017186793,0.9921015187153353,0.8931823220738271,0.7663699296457797,0.0016949600913653,0.9958693963934118,HOROZ,DERMASON
4707,729.7439999999999,0.7326995894158174,0.8088413487653031,0.989774005522037,0.9136067075894714,0.8241173491219873,0.0019799615300562,0.99796811223696,DERMASON,SIRA
4791,709.9259999999999,0.7542043121381526,0.7884763349381169,0.9891070542165352,0.8942907796135807,0.8097179469496184,0.0019511407147067,0.9984821691612404,SIRA,DERMASON
4851,705.5319999999999,0.7576040324070743,0.7079221599431594,0.9890803805321936,0.9055151074725096,0.8069928234516923,0.0019314532703079,0.997737118892274,HOROZ,DERMASON
4989,769.3979999999999,0.8216878783701929,0.7799778083868993,0.9884358029480216,0.865484155361563,0.7535314436438794,0.0014749023871458,0.9962660726464028,DERMASON,SIRA
5009,865.101,0.8357219355891827,0.733391889913629,0.9877560677458151,0.8411948871990331,0.7394124123685072,0.0012571434529961,0.9955893359464368,SIRA,HOROZ
5011,729.778,0.7178319749309188,0.777534516765286,0.9911497749729716,0.9301563753634996,0.8336513545822715,0.0020310676274988,0.9982163523234848,SIRA,DERMASON
5015,723.044,0.7505687400459692,0.774892134085629,0.9890912942173268,0.8979264767354782,0.8121636655813785,0.0019292357776355,0.9982103939466066,SIRA,DERMASON
5022,750.717,0.7454059476290978,0.7578678499515251,0.9896046353101569,0.9063735615661224,0.8153466295057394,0.0018712711835292,0.9972687441508484,DERMASON,SIRA
5239,772.6019999999999,0.7570807411443989,0.7054287163876205,0.9864257673934635,0.878130823587667,0.8065416732230188,0.0017880709636804,0.9956960648832592,DERMASON,SIRA
5515,924.718,0.8397869417794943,0.6578886605555427,0.9864457831325302,0.8374363224454536,0.7332503798693963,0.0011495065113888,0.9903116132853136,SIRA,HOROZ
6083,751.252,0.7620318700841019,0.7873884261376061,0.9861813111570352,0.8819043706609924,0.8028755753442589,0.0018100397152381,0.9954746703985656,DERMASON,SIRA
6383,749.1329999999999,0.7423432468989504,0.7426284599262846,0.9898374473208912,0.9203765141007852,0.8173073091110845,0.0018743651891424,0.9969724160551288,SIRA,DERMASON
6461,763.911,0.78809101722602,0.7231867283950617,0.9899656720359123,0.8880398650131525,0.7838120351124127,0.0016505038513998,0.9980547390051072,DERMASON,SIRA
6669,867.5899999999999,0.6609513873062484,0.7404485502507085,0.9897280856721364,0.907244614207816,0.8657062344208587,0.0019372008567317,0.998692166841432,CALI,SEKER
6705,960.007,0.7506361213445426,0.7968003937976864,0.9885794552339074,0.8828510188558751,0.809447026341008,0.0014507311585379,0.9916585235437329,CALI,BARBUNYA
6843,760.932,0.7769597620237417,0.7108636742634797,0.9879294111966782,0.888148591350049,0.7929031521959844,0.001715187185874,0.9986421260264692,SIRA,DERMASON
6845,1009.02,0.7870803720765832,0.7237318087318088,0.9892019379679752,0.8593360824291068,0.7844462797479137,0.0012733508389081,0.9975772207689404,CALI,BARBUNYA
7317,732.365,0.7549418829840927,0.8008096497025776,0.9893340137790252,0.9083911742132996,0.8091402391647665,0.001872609052645,0.9983473822484172,DERMASON,SIRA
7435,719.256,0.7464830615468045,0.7983605135322692,0.9871557664977342,0.8942436915940755,0.8143919222214129,0.0019594252040925,0.9967385029918088,SIRA,DERMASON
7795,707.965,0.7993385158112696,0.6921736375158428,0.9872330810077956,0.8763111147388344,0.7742078514290768,0.0017277126777817,0.9975316736651304,HOROZ,DERMASON
7889,756.8059999999999,0.752563598683171,0.7078915747808877,0.987526807503636,0.8789466534224182,0.8108373412444722,0.0018538523927191,0.9983867138696249,DERMASON,SIRA
7915,708.2869999999999,0.7243980382948395,0.7386900078678206,0.9915249762382512,0.9407172088727194,0.8297911858026268,0.0020521419152048,0.998798134216735,SIRA,DERMASON
7917,714.562,0.7297835876442961,0.7398415841584158,0.9912185286392698,0.9195178116795534,0.826521333748932,0.0020332087382004,0.999209116598866,SEKER,DERMASON
8278,701.6659999999999,0.7052291826277158,0.8054373415429192,0.9890479499652536,0.9081699927789464,0.8399550394007516,0.0021867234753358,0.9951268837344952,DERMASON,SIRA
8410,715.735,0.7357374527374686,0.7921248975719153,0.9896279533392602,0.9011012155467072,0.8220089424907893,0.0020171135081187,0.9976845771092836,DERMASON,SIRA
8568,728.322,0.7354075405138014,0.7616277919560014,0.9882938850952404,0.9120133066806057,0.821433725546886,0.0019662255128446,0.995762089026791,DERMASON,SIRA
8650,717.954,0.7469610072282485,0.7266153846153847,0.9923832536639176,0.921137700700214,0.8148784676186555,0.0019375788365453,0.9987351925731434,SIRA,DERMASON
8696,742.9599999999999,0.7076503552818582,0.7804998668543387,0.9905134332681584,0.9341634111611692,0.8398234965569122,0.0020352930914419,0.9982177330044872,SEKER,DERMASON
8823,718.771,0.7706805212407652,0.6933515028213888,0.9886696406579272,0.8786919078361368,0.7968821316245545,0.0018531610373455,0.9965465724525387,SIRA,DERMASON
8846,743.365,0.6481972528271561,0.7661253690665455,0.988136213841084,0.9205246456368946,0.8716927794698743,0.0022914494460358,0.9978670700035204,SIRA,SEKER
9286,721.953,0.7828997089620525,0.7969048123807505,0.9906704617330804,0.9062840545230474,0.7874906245644084,0.0017532136175605,0.996774970632695,SIRA,DERMASON
9335,735.516,0.7502372377306725,0.770877316443819,0.989809492733616,0.9160252816574276,0.8122819357431555,0.0018785133456519,0.9979327742126748,SIRA,DERMASON
9675,793.417,0.7473721581277368,0.7377790748577265,0.98981989036805,0.9083567245276848,0.8146418247728765,0.001764046973247,0.9988495891919492,CALI,SIRA
9722,757.499,0.7357022182714947,0.7999429982899487,0.9907516355250152,0.92201534243912,0.8222521633409233,0.0018858349953099,0.9982186537250975,DERMASON,SIRA
9731,762.8499999999999,0.7648709987254119,0.7222398589065255,0.9879613992762364,0.8842927702216007,0.800479737842825,0.0017642234737251,0.9946976770611352,DERMASON,SIRA
10022,740.834,0.7111535868929679,0.7694707627524165,0.9895630769230768,0.9204599756742514,0.8375206392185136,0.0020394025062974,0.9977300464565548,DERMASON,SIRA
10128,918.039,0.820842283012101,0.7362583633556357,0.9783210805265856,0.8531995831306499,0.7516436418185021,0.0012356323495207,0.9891679844298068,SIRA,CALI
10582,965.459,0.8582114805305929,0.6739090970977331,0.9896036387264456,0.8007679887634946,0.7159050116144149,0.0010478974290531,0.9984876601534168,CALI,HOROZ
10600,753.9250000000001,0.6711121184200783,0.7945996024010346,0.9870294893310956,0.9101728838871692,0.8601735324521235,0.0021832722185889,0.9980341923011428,DERMASON,SEKER
10608,725.5759999999999,0.7579174432983402,0.7435275080906149,0.9887425212553794,0.8993803899812581,0.8066797847905368,0.001882299207014,0.9975194237507916,SIRA,DERMASON
10639,743.153,0.7347318697992506,0.7046687808315716,0.988336751587635,0.9100826006359668,0.8227022521339463,0.0019379794679803,0.9977613014425452,DERMASON,SIRA
10682,742.62,0.7400760109815395,0.8091755319148937,0.9877032045448956,0.915126432060701,0.8183316854991675,0.0019033588013194,0.995752585693934,DERMASON,SIRA
10761,775.1510000000001,0.797717354932948,0.6917830785450712,0.9888619398591848,0.8782627931694281,0.7752180125719683,0.0015823872163176,0.9965697328688594,HOROZ,SIRA
10772,670.4879999999999,0.6846097021799004,0.7748353649992994,0.988559170539864,0.9274793023955978,0.8529649248830881,0.0023713199191969,0.9981332705166136,SIRA,DERMASON
